# Created by Octave 3.6.4, Tue Jul 01 15:21:23 2014 Eastern Daylight Time <unknown@AtifPC>
# name: test1
# type: matrix
# rows: 10
# columns: 2
 10 1
 20 2
 30 3
 40 4
 50 5
 60 6
 70 7
 80 8
 90 9
 100 10


